10 0.2236842105263158 0.48828125 0.06578947368421052 0.0390625
10 0.7697368421052632 0.486328125 0.06578947368421052 0.0390625
11 0.20065789473684212 0.931640625 0.06578947368421052 0.0390625
11 0.8092105263157895 0.931640625 0.06578947368421052 0.0390625
6 0.27960526315789475 0.525390625 0.06578947368421052 0.0390625
6 0.7302631578947368 0.525390625 0.06578947368421052 0.0390625
7 0.26644736842105265 0.9140625 0.06578947368421052 0.0390625
7 0.7401315789473685 0.927734375 0.06578947368421052 0.0390625
8 0.46710526315789475 0.529296875 0.06578947368421052 0.0390625
8 0.5328947368421053 0.525390625 0.06578947368421052 0.0390625
9 0.45394736842105265 0.91015625 0.06578947368421052 0.0390625
9 0.5361842105263158 0.91015625 0.06578947368421052 0.0390625
