3 0.3896484375 0.566079295154185 0.015625 0.05726872246696035
3 0.37744140625 0.8891336270190896 0.0087890625 0.05726872246696035
10 0.380859375 0.09985315712187959 0.01953125 0.02936857562408223
11 0.3701171875 0.9280469897209985 0.01953125 0.02936857562408223
4 0.162109375 0.09397944199706314 0.01953125 0.02936857562408223
5 0.1513671875 0.9280469897209985 0.01953125 0.02936857562408223
6 0.3701171875 0.1130690161527166 0.01953125 0.02936857562408223
7 0.35546875 0.8913362701908958 0.01953125 0.02936857562408223
8 0.1796875 0.10572687224669604 0.01953125 0.02936857562408223
9 0.16796875 0.9030837004405287 0.01953125 0.02936857562408223
