10 0.26171875 0.36656891495601174 0.01953125 0.02932551319648094
10 0.4091796875 0.3885630498533724 0.01953125 0.02932551319648094
11 0.259765625 0.6085043988269795 0.01953125 0.02932551319648094
11 0.4072265625 0.6070381231671554 0.01953125 0.02932551319648094
6 0.26953125 0.37683284457478006 0.01953125 0.02932551319648094
6 0.3994140625 0.3944281524926686 0.01953125 0.02932551319648094
7 0.2705078125 0.6143695014662757 0.01953125 0.02932551319648094
7 0.4013671875 0.6129032258064516 0.01953125 0.02932551319648094
8 0.330078125 0.37390029325513197 0.01953125 0.02932551319648094
8 0.3408203125 0.37390029325513197 0.01953125 0.02932551319648094
9 0.3291015625 0.6158357771260997 0.01953125 0.02932551319648094
9 0.3466796875 0.6158357771260997 0.01953125 0.02932551319648094
