3 0.90234375 0.2275390625 0.018229166666666668 0.037109375
3 0.9036458333333334 0.4638671875 0.026041666666666668 0.044921875
3 0.90234375 0.71484375 0.033854166666666664 0.03125
10 0.9348958333333333 0.140625 0.052083333333333336 0.0390625
11 0.9192708333333333 0.794921875 0.052083333333333336 0.0390625
4 0.7083333333333333 0.11328125 0.052083333333333336 0.0390625
6 0.9296875 0.171875 0.052083333333333336 0.0390625
7 0.8828125 0.791015625 0.052083333333333336 0.0390625
8 0.7916666666666666 0.205078125 0.052083333333333336 0.0390625
9 0.7890625 0.74609375 0.052083333333333336 0.0390625
