3 0.2958984375 0.8257686676427526 0.013671875 0.03806734992679356
3 0.29150390625 0.3001464128843338 0.0107421875 0.040995607613469986
10 0.2841796875 0.18301610541727673 0.01953125 0.029282576866764276
11 0.271484375 0.8389458272327965 0.01953125 0.029282576866764276
4 0.072265625 0.13030746705710103 0.01953125 0.029282576866764276
5 0.076171875 0.6486090775988287 0.01953125 0.029282576866764276
6 0.29296875 0.21522693997071743 0.01953125 0.029282576866764276
7 0.2900390625 0.8374816983894583 0.01953125 0.029282576866764276
8 0.46484375 0.2240117130307467 0.01953125 0.029282576866764276
9 0.453125 0.8418740849194729 0.01953125 0.029282576866764276
