10 0.419921875 0.13616398243045388 0.01953125 0.029282576866764276
10 0.5263671875 0.1903367496339678 0.01953125 0.029282576866764276
11 0.4267578125 0.47291361639824303 0.01953125 0.029282576866764276
11 0.5302734375 0.4773060029282577 0.01953125 0.029282576866764276
4 0.4873046875 0.17130307467057102 0.01953125 0.029282576866764276
4 0.6298828125 0.1698389458272328 0.01953125 0.029282576866764276
5 0.642578125 0.4363103953147877 0.01953125 0.029282576866764276
5 0.4951171875 0.47144948755490484 0.01953125 0.029282576866764276
6 0.423828125 0.15226939970717424 0.01953125 0.029282576866764276
6 0.5322265625 0.212298682284041 0.01953125 0.029282576866764276
7 0.43359375 0.4670571010248902 0.01953125 0.029282576866764276
7 0.5380859375 0.4743777452415813 0.01953125 0.029282576866764276
8 0.482421875 0.1800878477306003 0.01953125 0.029282576866764276
8 0.6318359375 0.19326500732064422 0.01953125 0.029282576866764276
9 0.630859375 0.4377745241581259 0.01953125 0.029282576866764276
9 0.4853515625 0.47291361639824303 0.01953125 0.029282576866764276
