3 0.78955078125 0.04622395833333333 0.0068359375 0.016927083333333332
3 0.7861328125 0.19010416666666669 0.0078125 0.018229166666666668
10 0.7724609375 0.0013020833333333333 0.01953125 0.026041666666666668
11 0.765625 0.22786458333333334 0.01953125 0.026041666666666668
6 0.7900390625 0.005208333333333333 0.01953125 0.026041666666666668
6 0.994140625 0.009114583333333334 0.01953125 0.026041666666666668
7 0.779296875 0.22265625 0.01953125 0.026041666666666668
7 0.994140625 0.23697916666666666 0.01953125 0.026041666666666668
8 0.91796875 0.006510416666666667 0.01953125 0.026041666666666668
8 0.9345703125 0.005208333333333333 0.01953125 0.026041666666666668
9 0.900390625 0.22916666666666666 0.01953125 0.026041666666666668
9 0.91796875 0.23307291666666666 0.01953125 0.026041666666666668
6 0.0078125 0.0026041666666666665 0.01953125 0.026041666666666668
7 0.037109375 0.21875 0.01953125 0.026041666666666668
8 0.076171875 0.005208333333333333 0.01953125 0.026041666666666668
9 0.099609375 0.22135416666666666 0.01953125 0.026041666666666668
