10 0.9951171875 0.13671875 0.01953125 0.026041666666666668
10 0.4482421875 0.20833333333333334 0.01953125 0.026041666666666668
10 0.3603515625 0.2669270833333333 0.01953125 0.026041666666666668
11 0.361328125 0.7434895833333334 0.01953125 0.026041666666666668
11 0.4423828125 0.7838541666666666 0.01953125 0.026041666666666668
4 0.8818359375 0.1484375 0.01953125 0.026041666666666668
4 0.5458984375 0.19140625 0.01953125 0.026041666666666668
4 0.1923828125 0.26171875 0.01953125 0.026041666666666668
5 0.84765625 0.98828125 0.01953125 0.026041666666666668
5 0.197265625 0.7825520833333334 0.01953125 0.026041666666666668
3 0.36669921875 0.36328125 0.0107421875 0.028645833333333332
3 0.37060546875 0.5520833333333334 0.0146484375 0.033854166666666664
3 0.36474609375 0.7239583333333333 0.0107421875 0.028645833333333332
3 0.4931640625 0.31510416666666663 0.01953125 0.033854166666666664
3 0.49365234375 0.54296875 0.0205078125 0.03125
3 0.4912109375 0.7565104166666667 0.01953125 0.026041666666666668
6 0.998046875 0.15625 0.01953125 0.026041666666666668
6 0.4794921875 0.22265625 0.01953125 0.026041666666666668
6 0.3525390625 0.2825520833333333 0.01953125 0.026041666666666668
7 0.9970703125 0.9322916666666666 0.01953125 0.026041666666666668
7 0.46875 0.7864583333333334 0.01953125 0.026041666666666668
7 0.3515625 0.75 0.01953125 0.026041666666666668
8 0.89453125 0.16666666666666666 0.01953125 0.026041666666666668
8 0.533203125 0.22005208333333334 0.01953125 0.026041666666666668
8 0.205078125 0.2799479166666667 0.01953125 0.026041666666666668
9 0.2099609375 0.78515625 0.01953125 0.026041666666666668
9 0.8583984375 0.99609375 0.01953125 0.026041666666666668
9 0.529296875 0.45703125 0.01953125 0.026041666666666668
