10 0.9482421875 0.0043541364296081275 0.01953125 0.02902757619738752
10 0.1318359375 0.00725689404934688 0.01953125 0.02902757619738752
11 0.1279296875 0.9811320754716981 0.01953125 0.02902757619738752
11 0.935546875 0.9854862119013063 0.01953125 0.02902757619738752
6 0.185546875 0.008708272859216255 0.01953125 0.02902757619738752
6 0.931640625 0.0043541364296081275 0.01953125 0.02902757619738752
7 0.1689453125 0.9985486211901307 0.01953125 0.02902757619738752
7 0.919921875 0.9970972423802612 0.01953125 0.02902757619738752
8 0.4853515625 0.005805515239477504 0.01953125 0.02902757619738752
8 0.4990234375 0.005805515239477504 0.01953125 0.02902757619738752
9 0.4765625 0.9912917271407837 0.01953125 0.02902757619738752
9 0.4912109375 0.9898403483309144 0.01953125 0.02902757619738752
