3 0.69921875 0.11328125 0.028645833333333332 0.04296875
3 0.7109375 0.3046875 0.03125 0.04296875
3 0.7174479166666666 0.47265625 0.0234375 0.03125
10 0.6901041666666666 0.01171875 0.052083333333333336 0.0390625
11 0.7213541666666666 0.5390625 0.052083333333333336 0.0390625
4 0.4010416666666667 0.013671875 0.052083333333333336 0.0390625
6 0.6432291666666666 0.0390625 0.052083333333333336 0.0390625
7 0.671875 0.587890625 0.052083333333333336 0.0390625
8 0.4296875 0.04296875 0.052083333333333336 0.0390625
9 0.4973958333333333 0.654296875 0.052083333333333336 0.0390625
