3 0.06884765625 0.09244791666666667 0.0146484375 0.0390625
3 0.13720703125 0.8600260416666666 0.0126953125 0.02734375
3 0.26806640625 0.1171875 0.0146484375 0.046875
3 0.2978515625 0.75 0.013671875 0.033854166666666664
10 0.0400390625 0.014322916666666666 0.01953125 0.026041666666666668
10 0.2626953125 0.010416666666666666 0.01953125 0.026041666666666668
11 0.1259765625 0.93359375 0.01953125 0.026041666666666668
11 0.2978515625 0.7395833333333334 0.01953125 0.026041666666666668
6 0.0634765625 0.013020833333333334 0.01953125 0.026041666666666668
6 0.2373046875 0.009114583333333334 0.01953125 0.026041666666666668
7 0.142578125 0.8958333333333334 0.01953125 0.026041666666666668
7 0.2763671875 0.7591145833333334 0.01953125 0.026041666666666668
8 0.1484375 0.01171875 0.01953125 0.026041666666666668
8 0.169921875 0.01171875 0.01953125 0.026041666666666668
9 0.2080078125 0.8463541666666666 0.01953125 0.026041666666666668
9 0.2255859375 0.8255208333333334 0.01953125 0.026041666666666668
