10 0.2490234375 0.018229166666666668 0.01953125 0.026041666666666668
11 0.2861328125 0.9140625 0.01953125 0.026041666666666668
8 0.3427734375 0.015625 0.01953125 0.026041666666666668
8 0.392578125 0.0234375 0.01953125 0.026041666666666668
8 0.6845703125 0.033854166666666664 0.01953125 0.026041666666666668
8 0.794921875 0.029947916666666664 0.01953125 0.026041666666666668
9 0.34765625 0.9622395833333334 0.01953125 0.026041666666666668
9 0.3984375 0.9869791666666667 0.01953125 0.026041666666666668
9 0.6279296875 0.9791666666666667 0.01953125 0.026041666666666668
9 0.71875 0.97265625 0.01953125 0.026041666666666668
6 0.2802734375 0.01953125 0.01953125 0.026041666666666668
7 0.31640625 0.8984375 0.01953125 0.026041666666666668
6 0.994140625 0.010416666666666668 0.01953125 0.026041666666666668
7 0.9853515625 0.9778645833333334 0.01953125 0.026041666666666668
