3 0.2197265625 0.26939970717423134 0.01171875 0.032210834553440704
3 0.23828125 0.685212298682284 0.015625 0.029282576866764276
10 0.193359375 0.1493411420204978 0.01953125 0.029282576866764276
10 0.2275390625 0.7335285505124451 0.01953125 0.029282576866764276
4 0.2734375 0.11420204978038068 0.01953125 0.029282576866764276
5 0.2958984375 0.7862371888726208 0.01953125 0.029282576866764276
6 0.1943359375 0.1800878477306003 0.01953125 0.029282576866764276
7 0.224609375 0.7276720351390923 0.01953125 0.029282576866764276
8 0.0380859375 0.17130307467057102 0.01953125 0.029282576866764276
9 0.0791015625 0.7862371888726208 0.01953125 0.029282576866764276
