10 0.2287390029325513 0.1953125 0.019550342130987292 0.026041666666666668
10 0.624633431085044 0.1875 0.019550342130987292 0.026041666666666668
11 0.22776148582600195 0.8684895833333334 0.019550342130987292 0.026041666666666668
11 0.624633431085044 0.8619791666666666 0.019550342130987292 0.026041666666666668
6 0.25219941348973607 0.23177083333333334 0.019550342130987292 0.026041666666666668
6 0.603128054740958 0.22265625 0.019550342130987292 0.026041666666666668
7 0.2541544477028348 0.8567708333333334 0.019550342130987292 0.026041666666666668
7 0.6011730205278593 0.8502604166666666 0.019550342130987292 0.026041666666666668
8 0.4203323558162268 0.22526041666666666 0.019550342130987292 0.026041666666666668
8 0.43499511241446726 0.22526041666666666 0.019550342130987292 0.026041666666666668
9 0.4310850439882698 0.8619791666666666 0.019550342130987292 0.026041666666666668
9 0.44281524926686217 0.8619791666666666 0.019550342130987292 0.026041666666666668
