10 0.25 -0.010416666666666666 0.01953125 0.034722222222222224
10 0.728515625 -0.005208333333333333 0.01953125 0.034722222222222224
11 0.271484375 0.3472222222222222 0.01953125 0.034722222222222224
11 0.7109375 0.3784722222222222 0.01953125 0.034722222222222224
6 0.2666015625 0.001736111111111111 0.01953125 0.034722222222222224
6 0.712890625 -0.010416666666666666 0.01953125 0.034722222222222224
7 0.2919921875 0.328125 0.01953125 0.034722222222222224
7 0.693359375 0.359375 0.01953125 0.034722222222222224
8 0.48046875 -0.010416666666666666 0.01953125 0.034722222222222224
8 0.490234375 -0.013888888888888888 0.01953125 0.034722222222222224
9 0.48046875 0.3524305555555556 0.01953125 0.034722222222222224
9 0.498046875 0.3454861111111111 0.01953125 0.034722222222222224
