10 0.19655172413793104 0.53515625 0.06896551724137931 0.0390625
10 0.5482758620689655 0.529296875 0.06896551724137931 0.0390625
11 0.15172413793103448 0.96875 0.06896551724137931 0.0390625
6 0.2206896551724138 0.564453125 0.06896551724137931 0.0390625
6 0.5413793103448276 0.568359375 0.06896551724137931 0.0390625
7 0.20344827586206896 0.95703125 0.06896551724137931 0.0390625
7 0.5448275862068965 0.95703125 0.06896551724137931 0.0390625
8 0.38275862068965516 0.55078125 0.06896551724137931 0.0390625
8 0.4413793103448276 0.5546875 0.06896551724137931 0.0390625
9 0.38620689655172413 0.955078125 0.06896551724137931 0.0390625
9 0.4482758620689655 0.95703125 0.06896551724137931 0.0390625
