3 0.376953125 0.23269513991163476 0.013671875 0.060382916053019146
3 0.35546875 0.6877761413843888 0.0205078125 0.06921944035346098
10 0.3525390625 0.08689248895434462 0.01953125 0.029455081001472753
11 0.314453125 0.9661266568483063 0.01953125 0.029455081001472753
4 0.720703125 0.05154639175257732 0.01953125 0.029455081001472753
5 0.693359375 0.9749631811487481 0.01953125 0.029455081001472753
6 0.39453125 0.12665684830633284 0.01953125 0.029455081001472753
7 0.3603515625 0.9690721649484536 0.01953125 0.029455081001472753
8 0.4716796875 0.21944035346097202 0.01953125 0.029455081001472753
9 0.4423828125 0.9764359351988218 0.01953125 0.029455081001472753
