10 0.669921875 0.15364583333333334 0.01953125 0.026041666666666668
4 0.7314453125 0.15234375 0.01953125 0.026041666666666668
6 0.6787109375 0.17838541666666666 0.01953125 0.026041666666666668
7 0.66015625 0.5833333333333334 0.01953125 0.026041666666666668
8 0.595703125 0.16015625 0.01953125 0.026041666666666668
9 0.5791015625 0.61328125 0.01953125 0.026041666666666668
3 0.84716796875 0.685546875 0.0087890625 0.02734375
10 0.8740234375 0.11328125 0.01953125 0.026041666666666668
11 0.818359375 0.7330729166666666 0.01953125 0.026041666666666668
4 0.9921875 0.109375 0.01953125 0.026041666666666668
6 0.8916015625 0.140625 0.01953125 0.026041666666666668
7 0.8359375 0.7265625 0.01953125 0.026041666666666668
8 0.994140625 0.13411458333333334 0.01953125 0.026041666666666668
9 0.98046875 0.7838541666666666 0.01953125 0.026041666666666668
