10 0.2880859375 0.6398243045387995 0.01953125 0.029282576866764276
10 0.751953125 0.6383601756954612 0.01953125 0.029282576866764276
11 0.240234375 0.9853587115666179 0.01953125 0.029282576866764276
11 0.7919921875 0.9897510980966325 0.01953125 0.029282576866764276
6 0.30078125 0.6705710102489019 0.01953125 0.029282576866764276
6 0.74609375 0.6837481698389458 0.01953125 0.029282576866764276
7 0.26171875 0.9941434846266471 0.01953125 0.029282576866764276
7 0.779296875 0.986822840409956 0.01953125 0.029282576866764276
8 0.5087890625 0.6808199121522694 0.01953125 0.029282576866764276
8 0.5234375 0.6808199121522694 0.01953125 0.029282576866764276
9 0.5087890625 0.986822840409956 0.01953125 0.029282576866764276
9 0.525390625 0.9956076134699854 0.01953125 0.029282576866764276
