10 0.21329639889196675 0.634765625 0.055401662049861494 0.0390625
10 0.3573407202216066 0.634765625 0.055401662049861494 0.0390625
10 0.5484764542936288 0.62890625 0.055401662049861494 0.0390625
10 0.6869806094182825 0.630859375 0.055401662049861494 0.0390625
11 0.2077562326869806 0.802734375 0.055401662049861494 0.0390625
11 0.3573407202216066 0.806640625 0.055401662049861494 0.0390625
11 0.556786703601108 0.791015625 0.055401662049861494 0.0390625
11 0.7091412742382271 0.787109375 0.055401662049861494 0.0390625
3 0.22714681440443213 0.662109375 0.024930747922437674 0.01953125
3 0.22714681440443213 0.728515625 0.0221606648199446 0.017578125
3 0.22714681440443213 0.794921875 0.01662049861495845 0.009765625
3 0.37119113573407203 0.662109375 0.019390581717451522 0.017578125
3 0.37119113573407203 0.71875 0.0221606648199446 0.021484375
3 0.3739612188365651 0.798828125 0.01662049861495845 0.013671875
3 0.5706371191135734 0.654296875 0.019390581717451522 0.021484375
3 0.5734072022160664 0.716796875 0.019390581717451522 0.01953125
3 0.5817174515235457 0.7890625 0.019390581717451522 0.01953125
3 0.7063711911357341 0.658203125 0.01662049861495845 0.013671875
3 0.7174515235457064 0.720703125 0.0110803324099723 0.015625
3 0.7257617728531855 0.787109375 0.013850415512465374 0.01171875
6 0.21606648199445982 0.634765625 0.055401662049861494 0.0390625
6 0.3601108033240997 0.646484375 0.055401662049861494 0.0390625
6 0.5512465373961218 0.630859375 0.055401662049861494 0.0390625
6 0.6897506925207756 0.634765625 0.055401662049861494 0.0390625
7 0.21052631578947367 0.8046875 0.055401662049861494 0.0390625
7 0.3601108033240997 0.80859375 0.055401662049861494 0.0390625
7 0.556786703601108 0.791015625 0.055401662049861494 0.0390625
7 0.7119113573407202 0.791015625 0.055401662049861494 0.0390625
8 0.2880886426592798 0.626953125 0.055401662049861494 0.0390625
8 0.28254847645429365 0.626953125 0.055401662049861494 0.0390625
8 0.6204986149584487 0.623046875 0.055401662049861494 0.0390625
8 0.6204986149584487 0.623046875 0.055401662049861494 0.0390625
9 0.28254847645429365 0.806640625 0.055401662049861494 0.0390625
9 0.28254847645429365 0.806640625 0.055401662049861494 0.0390625
9 0.631578947368421 0.794921875 0.055401662049861494 0.0390625
9 0.631578947368421 0.79296875 0.055401662049861494 0.0390625
