10 0.3932291666666667 0.21223958333333334 0.026041666666666668 0.026041666666666668
10 0.5716145833333334 0.21223958333333334 0.026041666666666668 0.026041666666666668
11 0.3919270833333333 0.4765625 0.026041666666666668 0.026041666666666668
11 0.5690104166666666 0.4895833333333333 0.026041666666666668 0.026041666666666668
6 0.39453125 0.2109375 0.026041666666666668 0.026041666666666668
6 0.5729166666666666 0.21223958333333334 0.026041666666666668 0.026041666666666668
7 0.39453125 0.4778645833333333 0.026041666666666668 0.026041666666666668
7 0.5716145833333334 0.4895833333333333 0.026041666666666668 0.026041666666666668
8 0.4739583333333333 0.21744791666666666 0.026041666666666668 0.026041666666666668
8 0.48828125 0.21614583333333334 0.026041666666666668 0.026041666666666668
9 0.4765625 0.4817708333333333 0.026041666666666668 0.026041666666666668
9 0.48828125 0.4817708333333333 0.026041666666666668 0.026041666666666668
