10 0.8466796875 0.4440104166666667 0.01953125 0.026041666666666668
11 0.875 0.9713541666666666 0.01953125 0.026041666666666668
11 0.6181640625 0.97265625 0.01953125 0.026041666666666668
6 0.8310546875 0.45703125 0.01953125 0.026041666666666668
7 0.859375 0.9765625 0.01953125 0.026041666666666668
7 0.6337890625 0.98046875 0.01953125 0.026041666666666668
8 0.7080078125 0.4583333333333333 0.01953125 0.026041666666666668
8 0.7265625 0.4583333333333333 0.01953125 0.026041666666666668
9 0.72265625 0.9778645833333334 0.01953125 0.026041666666666668
9 0.734375 0.9765625 0.01953125 0.026041666666666668
