3 0.3671875 0.650390625 0.015625 0.021484375
3 0.3697916666666667 0.763671875 0.013020833333333334 0.013671875
10 0.3567708333333333 0.54296875 0.052083333333333336 0.0390625
11 0.359375 0.791015625 0.052083333333333336 0.0390625
4 0.19010416666666666 0.544921875 0.052083333333333336 0.0390625
5 0.18229166666666666 0.802734375 0.052083333333333336 0.0390625
6 0.3359375 0.541015625 0.052083333333333336 0.0390625
7 0.34375 0.7890625 0.052083333333333336 0.0390625
8 0.23958333333333334 0.54296875 0.052083333333333336 0.0390625
9 0.23958333333333334 0.775390625 0.052083333333333336 0.0390625
