3 0.35595703125 0.29695121951219516 0.0146484375 0.054878048780487805
3 0.3525390625 0.5621951219512196 0.009765625 0.046341463414634146
3 0.35400390625 0.8079268292682927 0.0126953125 0.032926829268292684
10 0.3447265625 0.14634146341463414 0.01953125 0.024390243902439025
11 0.34765625 0.8414634146341463 0.01953125 0.024390243902439025
4 0.0771484375 0.14634146341463414 0.01953125 0.024390243902439025
5 0.0791015625 0.8365853658536585 0.01953125 0.024390243902439025
6 0.3330078125 0.17073170731707318 0.01953125 0.024390243902439025
7 0.3310546875 0.8402439024390244 0.01953125 0.024390243902439025
8 0.095703125 0.1719512195121951 0.01953125 0.024390243902439025
9 0.1025390625 0.8353658536585366 0.01953125 0.024390243902439025
