10 0.4111328125 0.23177083333333334 0.01953125 0.026041666666666668
11 0.412109375 0.6966145833333334 0.01953125 0.026041666666666668
4 0.4365234375 0.2526041666666667 0.01953125 0.026041666666666668
5 0.4384765625 0.6471354166666666 0.01953125 0.026041666666666668
6 0.416015625 0.265625 0.01953125 0.026041666666666668
7 0.4189453125 0.671875 0.01953125 0.026041666666666668
8 0.43359375 0.2734375 0.01953125 0.026041666666666668
9 0.4326171875 0.6497395833333334 0.01953125 0.026041666666666668
10 0.4921875 0.2955729166666667 0.01953125 0.026041666666666668
10 0.55859375 0.2916666666666667 0.01953125 0.026041666666666668
11 0.4912109375 0.5546875 0.01953125 0.026041666666666668
6 0.494140625 0.3098958333333333 0.01953125 0.026041666666666668
6 0.5576171875 0.3111979166666667 0.01953125 0.026041666666666668
7 0.498046875 0.5533854166666666 0.01953125 0.026041666666666668
7 0.560546875 0.5572916666666666 0.01953125 0.026041666666666668
8 0.5283203125 0.3059895833333333 0.01953125 0.026041666666666668
8 0.5361328125 0.3098958333333333 0.01953125 0.026041666666666668
9 0.5263671875 0.5559895833333334 0.01953125 0.026041666666666668
9 0.53515625 0.55859375 0.01953125 0.026041666666666668
