4 0.3232421875 0.016927083333333332 0.01953125 0.026041666666666668
4 0.37890625 0.01953125 0.01953125 0.026041666666666668
5 0.3408203125 0.9869791666666666 0.01953125 0.026041666666666668
5 0.3828125 0.9869791666666666 0.01953125 0.026041666666666668
6 0.0126953125 0.01953125 0.01953125 0.026041666666666668
6 0.984375 0.01953125 0.01953125 0.026041666666666668
7 0.9921875 0.98046875 0.01953125 0.026041666666666668
7 0.009765625 0.9830729166666666 0.01953125 0.026041666666666668
8 0.2998046875 0.014322916666666666 0.01953125 0.026041666666666668
8 0.404296875 0.015625 0.01953125 0.026041666666666668
9 0.3134765625 0.9830729166666666 0.01953125 0.026041666666666668
9 0.416015625 0.9765625 0.01953125 0.026041666666666668
