3 0.57177734375 0.3235294117647059 0.0126953125 0.052941176470588235
3 0.58154296875 0.6455882352941177 0.0166015625 0.052941176470588235
10 0.5517578125 0.16029411764705884 0.01953125 0.029411764705882353
11 0.5595703125 0.8014705882352942 0.01953125 0.029411764705882353
4 0.728515625 0.12794117647058822 0.01953125 0.029411764705882353
5 0.810546875 0.45588235294117646 0.01953125 0.029411764705882353
6 0.5654296875 0.18235294117647058 0.01953125 0.029411764705882353
7 0.572265625 0.8073529411764706 0.01953125 0.029411764705882353
8 0.732421875 0.14705882352941177 0.01953125 0.029411764705882353
9 0.798828125 0.4602941176470588 0.01953125 0.029411764705882353
