10 0.4609375 0.2635431918008785 0.01953125 0.029282576866764276
11 0.4716796875 0.7247437774524158 0.01953125 0.029282576866764276
3 0.462890625 0.32210834553440704 0.009765625 0.03074670571010249
3 0.470703125 0.6764275256222547 0.005859375 0.024890190336749635
4 0.3564453125 0.22986822840409957 0.01953125 0.029282576866764276
5 0.3857421875 0.8008784773060029 0.01953125 0.029282576866764276
6 0.453125 0.2796486090775988 0.01953125 0.029282576866764276
7 0.4609375 0.7232796486090776 0.01953125 0.029282576866764276
8 0.3642578125 0.24890190336749635 0.01953125 0.029282576866764276
9 0.38671875 0.787701317715959 0.01953125 0.029282576866764276
