10 0.2392578125 0.005208333333333333 0.01953125 0.026041666666666668
11 0.2763671875 0.9010416666666666 0.01953125 0.026041666666666668
8 0.3330078125 0.0026041666666666665 0.01953125 0.026041666666666668
8 0.3828125 0.010416666666666666 0.01953125 0.026041666666666668
8 0.6748046875 0.020833333333333332 0.01953125 0.026041666666666668
8 0.78515625 0.016927083333333332 0.01953125 0.026041666666666668
9 0.337890625 0.94921875 0.01953125 0.026041666666666668
9 0.388671875 0.9739583333333334 0.01953125 0.026041666666666668
9 0.6181640625 0.9661458333333334 0.01953125 0.026041666666666668
9 0.708984375 0.9596354166666666 0.01953125 0.026041666666666668
6 0.2705078125 0.006510416666666667 0.01953125 0.026041666666666668
7 0.306640625 0.8854166666666666 0.01953125 0.026041666666666668
6 0.984375 -0.0026041666666666665 0.01953125 0.026041666666666668
7 0.9755859375 0.96484375 0.01953125 0.026041666666666668
