2 0.99853515625 0.42550143266475643 0.0126953125 0.022922636103151862
2 0.99462890625 0.5365329512893983 0.0087890625 0.03008595988538682
2 0.99365234375 0.6382521489971347 0.0087890625 0.024355300859598854
9 0.9921875 0.37106017191977075 0.01953125 0.02865329512893983
10 0.9921875 0.6346704871060171 0.01953125 0.02865329512893983
5 0.978515625 0.38825214899713467 0.01953125 0.02865329512893983
6 0.9765625 0.6318051575931232 0.01953125 0.02865329512893983
7 0.9248046875 0.3939828080229226 0.01953125 0.02865329512893983
7 0.9111328125 0.39111747851002865 0.01953125 0.02865329512893983
8 0.9228515625 0.6203438395415473 0.01953125 0.02865329512893983
8 0.9072265625 0.6174785100286533 0.01953125 0.02865329512893983
