10 0.1396484375 0.8799414348462664 0.01953125 0.029282576866764276
2 0.140625 0.2437774524158126 0.015625 0.03367496339677892
2 0.904296875 0.40043923865300146 0.01171875 0.024890190336749635
2 0.9052734375 0.7657393850658858 0.013671875 0.03806734992679356
5 0.2919921875 0.1259150805270864 0.01953125 0.029282576866764276
6 0.16796875 0.8653001464128844 0.01953125 0.029282576866764276
6 0.2919921875 0.7496339677891655 0.01953125 0.029282576866764276
6 0.9013671875 0.9150805270863835 0.01953125 0.029282576866764276
10 0.9033203125 0.9150805270863835 0.01953125 0.029282576866764276
7 0.291015625 0.06149341142020498 0.01953125 0.029282576866764276
7 0.4287109375 0.12298682284040996 0.01953125 0.029282576866764276
7 0.4384765625 0.24158125915080528 0.01953125 0.029282576866764276
7 0.4853515625 0.30307467057101023 0.01953125 0.029282576866764276
7 0.5849609375 0.30600292825768666 0.01953125 0.029282576866764276
7 0.6298828125 0.18887262079062958 0.01953125 0.029282576866764276
7 0.662109375 0.0 0.01953125 0.029282576866764276
8 0.2939453125 0.8067349926793559 0.01953125 0.029282576866764276
8 0.419921875 0.7613469985358712 0.01953125 0.029282576866764276
8 0.44140625 0.6793557833089312 0.01953125 0.029282576866764276
8 0.4814453125 0.6251830161054173 0.01953125 0.029282576866764276
8 0.587890625 0.6427525622254759 0.01953125 0.029282576866764276
8 0.6318359375 0.7247437774524159 0.01953125 0.029282576866764276
8 0.6650390625 0.9150805270863835 0.01953125 0.029282576866764276
