9 0.62890625 0.25697503671071953 0.01953125 0.02936857562408223
9 0.4287109375 0.25844346549192365 0.01953125 0.02936857562408223
10 0.4326171875 0.7180616740088106 0.01953125 0.02936857562408223
10 0.626953125 0.7298091042584435 0.01953125 0.02936857562408223
2 0.62744140625 0.6607929515418502 0.0068359375 0.02936857562408223
3 0.654296875 0.26138032305433184 0.01953125 0.02936857562408223
3 0.5537109375 0.26138032305433184 0.01953125 0.02936857562408223
4 0.55078125 0.7136563876651982 0.01953125 0.02936857562408223
4 0.646484375 0.7988252569750367 0.01953125 0.02936857562408223
5 0.62890625 0.26138032305433184 0.01953125 0.02936857562408223
6 0.6279296875 0.7312775330396476 0.01953125 0.02936857562408223
7 0.6552734375 0.2643171806167401 0.01953125 0.02936857562408223
8 0.646484375 0.8002936857562408 0.01953125 0.02936857562408223
