9 0.765625 0.3111979166666667 0.01953125 0.026041666666666668
10 0.75390625 0.69140625 0.01953125 0.026041666666666668
3 0.8857421875 0.2682291666666667 0.01953125 0.026041666666666668
4 0.865234375 0.7526041666666666 0.01953125 0.026041666666666668
5 0.7744140625 0.33203125 0.01953125 0.026041666666666668
6 0.775390625 0.6822916666666666 0.01953125 0.026041666666666668
7 0.869140625 0.3033854166666667 0.01953125 0.026041666666666668
8 0.849609375 0.7291666666666666 0.01953125 0.026041666666666668
9 0.3232421875 0.3333333333333333 0.01953125 0.026041666666666668
10 0.33203125 0.5625 0.01953125 0.026041666666666668
3 0.4462890625 0.3333333333333333 0.01953125 0.026041666666666668
4 0.45703125 0.5963541666666666 0.01953125 0.026041666666666668
5 0.3408203125 0.3580729166666667 0.01953125 0.026041666666666668
6 0.3515625 0.5768229166666666 0.01953125 0.026041666666666668
7 0.3701171875 0.3606770833333333 0.01953125 0.026041666666666668
8 0.3837890625 0.5859375 0.01953125 0.026041666666666668
