10 0.6025390625 0.53515625 0.01953125 0.026041666666666668
10 0.9873046875 0.4661458333333333 0.01953125 0.026041666666666668
11 0.9970703125 0.9869791666666666 0.01953125 0.026041666666666668
11 0.611328125 0.984375 0.01953125 0.026041666666666668
4 0.8017578125 0.44921875 0.01953125 0.026041666666666668
4 0.81640625 0.4505208333333333 0.01953125 0.026041666666666668
5 0.8046875 0.98828125 0.01953125 0.026041666666666668
5 0.8349609375 0.98828125 0.01953125 0.026041666666666668
6 0.62890625 0.4544270833333333 0.01953125 0.026041666666666668
6 0.9560546875 0.4674479166666667 0.01953125 0.026041666666666668
7 0.630859375 0.9791666666666666 0.01953125 0.026041666666666668
7 0.9658203125 0.9817708333333334 0.01953125 0.026041666666666668
8 0.779296875 0.4557291666666667 0.01953125 0.026041666666666668
8 0.8447265625 0.4622395833333333 0.01953125 0.026041666666666668
9 0.7822265625 0.9830729166666666 0.01953125 0.026041666666666668
9 0.853515625 0.984375 0.01953125 0.026041666666666668
3 0.99365234375 0.9759114583333334 0.0126953125 0.05859375
3 0.99658203125 0.7766927083333334 0.0166015625 0.05859375
