4 0.98046875 0.13151041666666666 0.01953125 0.026041666666666668
3 0.939453125 0.21744791666666666 0.013671875 0.036458333333333336
3 0.9306640625 0.3723958333333333 0.01171875 0.026041666666666668
3 0.921875 0.541015625 0.009765625 0.032552083333333336
3 0.91357421875 0.6842447916666667 0.0107421875 0.022135416666666668
10 0.908203125 0.1328125 0.01953125 0.026041666666666668
11 0.88671875 0.6627604166666666 0.01953125 0.026041666666666668
6 0.935546875 0.15234375 0.01953125 0.026041666666666668
7 0.9091796875 0.6627604166666666 0.01953125 0.026041666666666668
8 0.9794921875 0.15234375 0.01953125 0.026041666666666668
9 0.955078125 0.6588541666666666 0.01953125 0.026041666666666668
