10 0.3369140625 0.13541666666666666 0.01953125 0.026041666666666668
11 0.33984375 0.85546875 0.01953125 0.026041666666666668
4 0.537109375 0.09505208333333333 0.01953125 0.026041666666666668
5 0.5419921875 0.8515625 0.01953125 0.026041666666666668
6 0.357421875 0.12760416666666666 0.01953125 0.026041666666666668
7 0.357421875 0.8346354166666666 0.01953125 0.026041666666666668
8 0.5166015625 0.10546875 0.01953125 0.026041666666666668
9 0.5146484375 0.8424479166666666 0.01953125 0.026041666666666668
3 0.3486328125 0.23828125 0.015625 0.048177083333333336
3 0.3505859375 0.68359375 0.013671875 0.036458333333333336
