10 -0.026392961876832845 0.5 0.05865102639296188 0.0390625
10 0.782991202346041 0.66015625 0.05865102639296188 0.0390625
11 0.8152492668621701 0.880859375 0.05865102639296188 0.0390625
4 0.9354838709677419 0.65625 0.05865102639296188 0.0390625
4 0.1378299120234604 0.51953125 0.05865102639296188 0.0390625
5 0.12609970674486803 0.849609375 0.05865102639296188 0.0390625
5 0.9501466275659824 0.873046875 0.05865102639296188 0.0390625
6 0.8181818181818182 0.681640625 0.05865102639296188 0.0390625
6 -0.005865102639296188 0.529296875 0.05865102639296188 0.0390625
7 0.0 0.83203125 0.05865102639296188 0.0390625
7 0.8357771260997068 0.873046875 0.05865102639296188 0.0390625
8 0.11436950146627566 0.5390625 0.05865102639296188 0.0390625
8 0.906158357771261 0.67578125 0.05865102639296188 0.0390625
9 0.10263929618768329 0.84375 0.05865102639296188 0.0390625
9 0.9237536656891495 0.8671875 0.05865102639296188 0.0390625
