3 0.3701171875 0.2897058823529412 0.0146484375 0.04264705882352941
3 0.3759765625 0.5823529411764706 0.01171875 0.029411764705882353
3 0.376953125 0.8147058823529412 0.0078125 0.03529411764705882
3 0.6044921875 0.29411764705882354 0.0107421875 0.026470588235294117
3 0.6103515625 0.5808823529411765 0.0087890625 0.025
3 0.607421875 0.8205882352941176 0.0126953125 0.03676470588235294
10 0.603515625 0.2235294117647059 0.01953125 0.029411764705882353
10 0.3623046875 0.21470588235294116 0.01953125 0.029411764705882353
11 0.3623046875 0.9 0.01953125 0.029411764705882353
11 0.6103515625 0.9014705882352941 0.01953125 0.029411764705882353
6 0.6015625 0.2411764705882353 0.01953125 0.029411764705882353
6 0.37109375 0.23529411764705882 0.01953125 0.029411764705882353
7 0.3720703125 0.9 0.01953125 0.029411764705882353
7 0.6005859375 0.9029411764705882 0.01953125 0.029411764705882353
8 0.482421875 0.23529411764705882 0.01953125 0.029411764705882353
8 0.4892578125 0.23529411764705882 0.01953125 0.029411764705882353
9 0.486328125 0.9029411764705882 0.01953125 0.029411764705882353
9 0.4921875 0.9029411764705882 0.01953125 0.029411764705882353
