10 0.0283203125 0.1875 0.01953125 0.026041666666666668
11 0.0234375 0.921875 0.01953125 0.026041666666666668
6 0.0166015625 0.203125 0.01953125 0.026041666666666668
7 0.013671875 0.9231770833333334 0.01953125 0.026041666666666668
3 0.0283203125 0.2643229166666667 0.0107421875 0.052083333333333336
3 0.0234375 0.5559895833333334 0.013671875 0.045572916666666664
4 -0.0068359375 0.15234375 0.01953125 0.026041666666666668
8 -0.0068359375 0.18880208333333334 0.01953125 0.026041666666666668
9 -0.0048828125 0.9361979166666666 0.01953125 0.026041666666666668
10 0.1845703125 0.33203125 0.01953125 0.026041666666666668
11 0.18359375 0.7734375 0.01953125 0.026041666666666668
4 0.1240234375 0.2799479166666667 0.01953125 0.026041666666666668
5 0.12109375 0.8138020833333334 0.01953125 0.026041666666666668
6 0.1767578125 0.34375 0.01953125 0.026041666666666668
7 0.1728515625 0.7708333333333334 0.01953125 0.026041666666666668
8 0.1328125 0.3059895833333333 0.01953125 0.026041666666666668
9 0.1328125 0.796875 0.01953125 0.026041666666666668
