3 0.8125 0.05752212389380531 0.0087890625 0.03982300884955752
3 0.9765625 0.11209439528023599 0.005859375 0.045722713864306784
10 0.7978515625 -0.007374631268436578 0.01953125 0.029498525073746312
10 0.9697265625 0.04277286135693215 0.01953125 0.029498525073746312
11 0.779296875 0.7271386430678466 0.01953125 0.029498525073746312
6 0.810546875 0.011799410029498525 0.01953125 0.029498525073746312
6 0.9677734375 0.06932153392330384 0.01953125 0.029498525073746312
7 0.7998046875 0.7256637168141593 0.01953125 0.029498525073746312
7 0.9541015625 0.6592920353982301 0.01953125 0.029498525073746312
8 0.890625 0.038348082595870206 0.01953125 0.029498525073746312
8 0.9013671875 0.045722713864306784 0.01953125 0.029498525073746312
9 0.8828125 0.6917404129793511 0.01953125 0.029498525073746312
9 0.89453125 0.6843657817109144 0.01953125 0.029498525073746312
