10 0.44921875 0.5591240875912409 0.01953125 0.029197080291970802
10 0.5302734375 0.5605839416058395 0.01953125 0.029197080291970802
11 0.44921875 0.7708029197080292 0.01953125 0.029197080291970802
11 0.5322265625 0.7722627737226277 0.01953125 0.029197080291970802
3 0.4580078125 0.6277372262773723 0.0048828125 0.02335766423357664
3 0.458984375 0.6978102189781021 0.00390625 0.014598540145985401
3 0.5400390625 0.637956204379562 0.0048828125 0.014598540145985401
3 0.5390625 0.6978102189781021 0.0048828125 0.014598540145985401
3 0.5390625 0.7547445255474453 0.00390625 0.014598540145985401
3 0.4580078125 0.7591240875912408 0.00390625 0.020437956204379562
6 0.4501953125 0.5605839416058395 0.01953125 0.029197080291970802
6 0.53125 0.5620437956204379 0.01953125 0.029197080291970802
7 0.4501953125 0.7737226277372263 0.01953125 0.029197080291970802
7 0.5322265625 0.7722627737226277 0.01953125 0.029197080291970802
8 0.490234375 0.5620437956204379 0.01953125 0.029197080291970802
8 0.4912109375 0.5635036496350365 0.01953125 0.029197080291970802
9 0.48828125 0.7737226277372263 0.01953125 0.029197080291970802
9 0.490234375 0.7737226277372263 0.01953125 0.029197080291970802
