10 0.716796875 0.15519765739385066 0.01953125 0.029282576866764276
10 0.2529296875 0.1581259150805271 0.01953125 0.029282576866764276
11 0.251953125 0.8872620790629575 0.01953125 0.029282576866764276
11 0.7080078125 0.8828696925329429 0.01953125 0.029282576866764276
6 0.697265625 0.15666178623718888 0.01953125 0.029282576866764276
6 0.2646484375 0.16105417276720352 0.01953125 0.029282576866764276
7 0.2578125 0.8784773060029283 0.01953125 0.029282576866764276
7 0.6943359375 0.8784773060029283 0.01953125 0.029282576866764276
8 0.4697265625 0.15226939970717424 0.01953125 0.029282576866764276
8 0.5087890625 0.19619326500732065 0.01953125 0.029282576866764276
9 0.47265625 0.8814055636896047 0.01953125 0.029282576866764276
9 0.51171875 0.8374816983894583 0.01953125 0.029282576866764276
