10 0.607421875 0.22908093278463648 0.01953125 0.027434842249657063
10 0.3662109375 0.23182441700960219 0.01953125 0.027434842249657063
11 0.365234375 0.6886145404663924 0.01953125 0.027434842249657063
11 0.6083984375 0.6941015089163237 0.01953125 0.027434842249657063
6 0.375 0.24417009602194786 0.01953125 0.027434842249657063
6 0.6005859375 0.24279835390946503 0.01953125 0.027434842249657063
7 0.3759765625 0.6886145404663924 0.01953125 0.027434842249657063
7 0.5966796875 0.6872427983539094 0.01953125 0.027434842249657063
8 0.482421875 0.23731138545953362 0.01953125 0.027434842249657063
8 0.4912109375 0.23731138545953362 0.01953125 0.027434842249657063
9 0.48046875 0.6858710562414266 0.01953125 0.027434842249657063
9 0.4912109375 0.6831275720164609 0.01953125 0.027434842249657063
