3 0.013020833333333334 0.083984375 0.052083333333333336 0.046875
3 0.09635416666666667 0.525390625 0.0390625 0.03125
10 -0.0026041666666666665 -0.009765625 0.052083333333333336 0.0390625
11 0.109375 0.6171875 0.052083333333333336 0.0390625
6 -0.013020833333333334 0.033203125 0.052083333333333336 0.0390625
7 0.09114583333333333 0.623046875 0.052083333333333336 0.0390625
9 -0.015625 0.64453125 0.052083333333333336 0.0390625
4 0.9140625 -0.005859375 0.052083333333333336 0.0390625
5 0.6953125 0.763671875 0.052083333333333336 0.0390625
8 0.9322916666666666 0.0078125 0.052083333333333336 0.0390625
9 0.6901041666666666 0.83984375 0.052083333333333336 0.0390625
3 0.75 0.03125 0.0234375 0.048828125
3 0.6979166666666666 0.34375 0.0234375 0.044921875
