10 0.3857421875 0.5846354166666666 0.01953125 0.026041666666666668
10 0.5859375 0.55859375 0.01953125 0.026041666666666668
10 0.5859375 0.55859375 0.01953125 0.026041666666666668
11 0.3662109375 0.98046875 0.01953125 0.026041666666666668
11 0.5830078125 0.9765625 0.01953125 0.026041666666666668
3 0.39453125 0.6471354166666666 0.005859375 0.020833333333333332
3 0.388671875 0.7395833333333334 0.009765625 0.024739583333333332
3 0.38671875 0.8385416666666666 0.0087890625 0.022135416666666668
3 0.3828125 0.9375 0.0048828125 0.02734375
6 0.3935546875 0.6041666666666666 0.01953125 0.026041666666666668
6 0.5771484375 0.5846354166666666 0.01953125 0.026041666666666668
7 0.380859375 0.9713541666666666 0.01953125 0.026041666666666668
7 0.5712890625 0.98046875 0.01953125 0.026041666666666668
8 0.4736328125 0.5924479166666666 0.01953125 0.026041666666666668
8 0.482421875 0.5924479166666666 0.01953125 0.026041666666666668
9 0.4609375 0.9791666666666666 0.01953125 0.026041666666666668
9 0.4736328125 0.9778645833333334 0.01953125 0.026041666666666668
