3 0.3134765625 0.632952691680261 0.0244140625 0.01794453507340946
10 0.3212890625 0.6313213703099511 0.01953125 0.03262642740619902
11 0.30859375 0.9738988580750407 0.01953125 0.03262642740619902
4 0.248046875 0.6150081566068516 0.01953125 0.03262642740619902
5 0.2265625 0.9624796084828712 0.01953125 0.03262642740619902
6 0.314453125 0.6606851549755302 0.01953125 0.03262642740619902
7 0.30078125 0.9771615008156607 0.01953125 0.03262642740619902
8 0.2548828125 0.6460032626427407 0.01953125 0.03262642740619902
9 0.2392578125 0.9690048939641109 0.01953125 0.03262642740619902
10 0.98046875 0.5938009787928222 0.01953125 0.03262642740619902
4 0.814453125 0.6182707993474714 0.01953125 0.03262642740619902
5 0.8212890625 0.965742251223491 0.01953125 0.03262642740619902
6 0.98046875 0.634584013050571 0.01953125 0.03262642740619902
7 0.982421875 0.967373572593801 0.01953125 0.03262642740619902
8 0.83984375 0.6443719412724307 0.01953125 0.03262642740619902
9 0.8408203125 0.9690048939641109 0.01953125 0.03262642740619902
