11 0.1298828125 0.8653001464128843 0.01953125 0.029282576866764276
3 0.1328125 0.22693997071742314 0.015625 0.03367496339677892
3 0.8984375 0.38799414348462663 0.01171875 0.024890190336749635
3 0.8984375 0.746705710102489 0.013671875 0.03806734992679356
6 0.2822265625 0.11127379209370425 0.01953125 0.029282576866764276
7 0.158203125 0.8506588579795022 0.01953125 0.029282576866764276
7 0.2822265625 0.7349926793557833 0.01953125 0.029282576866764276
7 0.8916015625 0.9004392386530015 0.01953125 0.029282576866764276
11 0.8935546875 0.9004392386530015 0.01953125 0.029282576866764276
8 0.28125 0.04685212298682284 0.01953125 0.029282576866764276
8 0.4189453125 0.10834553440702782 0.01953125 0.029282576866764276
8 0.4287109375 0.22693997071742314 0.01953125 0.029282576866764276
8 0.4755859375 0.2884333821376281 0.01953125 0.029282576866764276
8 0.5751953125 0.2913616398243045 0.01953125 0.029282576866764276
8 0.6201171875 0.17423133235724744 0.01953125 0.029282576866764276
8 0.65234375 -0.014641288433382138 0.01953125 0.029282576866764276
9 0.2841796875 0.7920937042459737 0.01953125 0.029282576866764276
9 0.41015625 0.746705710102489 0.01953125 0.029282576866764276
9 0.431640625 0.664714494875549 0.01953125 0.029282576866764276
9 0.4716796875 0.6105417276720352 0.01953125 0.029282576866764276
9 0.578125 0.6281112737920937 0.01953125 0.029282576866764276
9 0.6220703125 0.7101024890190337 0.01953125 0.029282576866764276
9 0.6552734375 0.9004392386530015 0.01953125 0.029282576866764276
