10 -0.017595307917888565 -0.0078125 0.05865102639296188 0.0390625
10 0.9501466275659824 -0.005859375 0.05865102639296188 0.0390625
11 0.12903225806451613 0.943359375 0.05865102639296188 0.0390625
11 0.9472140762463344 0.96875 0.05865102639296188 0.0390625
6 -0.008797653958944282 0.03125 0.05865102639296188 0.0390625
6 0.9002932551319648 -0.00390625 0.05865102639296188 0.0390625
7 0.19648093841642228 0.91796875 0.05865102639296188 0.0390625
7 0.9002932551319648 0.94921875 0.05865102639296188 0.0390625
8 0.436950146627566 0.01953125 0.05865102639296188 0.0390625
8 0.36363636363636365 0.02734375 0.05865102639296188 0.0390625
9 0.47214076246334313 0.9296875 0.05865102639296188 0.0390625
9 0.5483870967741935 0.9296875 0.05865102639296188 0.0390625
