10 0.619140625 0.2422907488986784 0.01953125 0.02936857562408223
10 0.4189453125 0.24375917767988253 0.01953125 0.02936857562408223
11 0.4228515625 0.7033773861967695 0.01953125 0.02936857562408223
11 0.6171875 0.7151248164464024 0.01953125 0.02936857562408223
3 0.6240234375 0.6461086637298091 0.0068359375 0.02936857562408223
4 0.64453125 0.24669603524229075 0.01953125 0.02936857562408223
4 0.5439453125 0.24669603524229075 0.01953125 0.02936857562408223
5 0.541015625 0.6989720998531571 0.01953125 0.02936857562408223
5 0.63671875 0.7841409691629956 0.01953125 0.02936857562408223
6 0.619140625 0.24669603524229075 0.01953125 0.02936857562408223
7 0.6181640625 0.7165932452276065 0.01953125 0.02936857562408223
8 0.6455078125 0.24963289280469897 0.01953125 0.02936857562408223
9 0.63671875 0.7856093979441997 0.01953125 0.02936857562408223
