10 0.06470588235294118 0.00390625 0.0392156862745098 0.0390625
10 0.8647058823529412 0.001953125 0.0392156862745098 0.0390625
11 0.06470588235294118 0.85546875 0.0392156862745098 0.0390625
11 0.8411764705882353 0.865234375 0.0392156862745098 0.0390625
6 0.09019607843137255 0.01171875 0.0392156862745098 0.0390625
6 0.8294117647058824 0.0234375 0.0392156862745098 0.0390625
7 0.08431372549019608 0.8515625 0.0392156862745098 0.0390625
7 0.8098039215686275 0.861328125 0.0392156862745098 0.0390625
8 0.45294117647058824 0.013671875 0.0392156862745098 0.0390625
8 0.4823529411764706 0.013671875 0.0392156862745098 0.0390625
9 0.43333333333333335 0.849609375 0.0392156862745098 0.0390625
9 0.46078431372549017 0.85546875 0.0392156862745098 0.0390625
3 0.08823529411764706 0.0703125 0.01764705882352941 0.052734375
3 0.07647058823529412 0.4140625 3 0.07647058823529412 0.4140625 0.03529411764705882 0.052734375
3 0.8549019607843137 0.0859375 0.023529411764705882 0.046875
3 0.8372549019607843 0.447265625 0.029411764705882353 0.05078125
