10 -0.0068359375 0.2591508052708638 0.01953125 0.029282576866764276
11 -0.001953125 0.767203513909224 0.01953125 0.029282576866764276
4 0.1513671875 0.2591508052708638 0.01953125 0.029282576866764276
5 0.1572265625 0.7628111273792094 0.01953125 0.029282576866764276
6 -0.0048828125 0.28257686676427524 0.01953125 0.029282576866764276
7 0.0126953125 0.7437774524158126 0.01953125 0.029282576866764276
8 0.13671875 0.28111273792093705 0.01953125 0.029282576866764276
9 0.1435546875 0.7452415812591509 0.01953125 0.029282576866764276
10 0.953125 0.18740849194729137 0.01953125 0.029282576866764276
11 0.9111328125 0.7013177159590044 0.01953125 0.029282576866764276
6 0.9619140625 0.21961932650073207 0.01953125 0.029282576866764276
7 0.9326171875 0.6837481698389458 0.01953125 0.029282576866764276
