10 0.953125 0.493411420204978 0.01953125 0.029282576866764276
10 0.8466796875 0.49194729136163984 0.01953125 0.029282576866764276
11 0.853515625 0.8140556368960469 0.01953125 0.029282576866764276
11 0.9599609375 0.8125915080527086 0.01953125 0.029282576866764276
6 0.951171875 0.4992679355783309 0.01953125 0.029282576866764276
6 0.8544921875 0.5051244509516838 0.01953125 0.029282576866764276
7 0.859375 0.8184480234260615 0.01953125 0.029282576866764276
7 0.958984375 0.8096632503660323 0.01953125 0.029282576866764276
8 0.8935546875 0.49633967789165445 0.01953125 0.029282576866764276
9 0.892578125 0.8155197657393851 0.01953125 0.029282576866764276
