10 0.20195439739413681 0.44140625 0.06514657980456026 0.0390625
10 0.43973941368078173 0.458984375 0.06514657980456026 0.0390625
11 0.21172638436482086 0.751953125 0.06514657980456026 0.0390625
11 0.4527687296416938 0.71875 0.06514657980456026 0.0390625
6 0.2247557003257329 0.455078125 0.06514657980456026 0.0390625
6 0.41368078175895767 0.478515625 0.06514657980456026 0.0390625
7 0.21498371335504887 0.744140625 0.06514657980456026 0.0390625
7 0.4201954397394137 0.71484375 0.06514657980456026 0.0390625
8 0.3127035830618892 0.46484375 0.06514657980456026 0.0390625
8 0.3322475570032573 0.46484375 0.06514657980456026 0.0390625
9 0.30944625407166126 0.72265625 0.06514657980456026 0.0390625
9 0.3257328990228013 0.71875 0.06514657980456026 0.0390625
