3 0.8932291666666666 0.208984375 0.018229166666666668 0.037109375
3 0.890625 0.44140625 0.026041666666666668 0.044921875
3 0.8854166666666666 0.69921875 0.033854166666666664 0.03125
10 0.9088541666666666 0.12109375 0.052083333333333336 0.0390625
11 0.8932291666666666 0.775390625 0.052083333333333336 0.0390625
4 0.6822916666666666 0.09375 0.052083333333333336 0.0390625
6 0.9036458333333334 0.15234375 0.052083333333333336 0.0390625
7 0.8567708333333334 0.771484375 0.052083333333333336 0.0390625
8 0.765625 0.185546875 0.052083333333333336 0.0390625
9 0.7630208333333334 0.7265625 0.052083333333333336 0.0390625
