11 0.986328125 0.80078125 0.01953125 0.026041666666666668
11 0.0009765625 0.84765625 0.01953125 0.026041666666666668
4 0.265625 0.0 0.01953125 0.026041666666666668
4 0.7783203125 -0.0013020833333333333 0.01953125 0.026041666666666668
5 0.291015625 0.84375 0.01953125 0.026041666666666668
5 0.7314453125 0.81640625 0.01953125 0.026041666666666668
6 -0.0048828125 -0.0026041666666666665 0.01953125 0.026041666666666668
6 0.986328125 -0.005208333333333333 0.01953125 0.026041666666666668
7 0.0087890625 0.8190104166666666 0.01953125 0.026041666666666668
7 0.97265625 0.8033854166666666 0.01953125 0.026041666666666668
8 0.24609375 -0.00390625 0.01953125 0.026041666666666668
8 0.794921875 0.0013020833333333333 0.01953125 0.026041666666666668
9 0.26953125 0.8177083333333334 0.01953125 0.026041666666666668
9 0.75 0.8033854166666666 0.01953125 0.026041666666666668
