3 0.361328125 0.08616187989556136 0.0166015625 0.05613577023498695
3 0.3759765625 0.6240208877284595 0.0185546875 0.04569190600522193
3 0.9140625 0.03263707571801567 0.009765625 0.05352480417754569
3 0.892578125 0.7114882506527415 0.01171875 0.05483028720626632
6 0.88671875 -0.006527415143603133 0.01953125 0.02610966057441253
6 0.3720703125 0.018276762402088774 0.01953125 0.02610966057441253
7 0.39453125 0.97911227154047 0.01953125 0.02610966057441253
7 0.8603515625 0.97911227154047 0.01953125 0.02610966057441253
8 0.513671875 0.03263707571801567 0.01953125 0.02610966057441253
8 0.8466796875 0.0013054830287206266 0.01953125 0.02610966057441253
9 0.5234375 0.9738903394255874 0.01953125 0.02610966057441253
9 0.82421875 0.9765013054830287 0.01953125 0.02610966057441253
