10 0.12121212121212122 0.09111880046136102 0.03787878787878788 0.02306805074971165
11 0.22348484848484848 0.8823529411764706 0.03787878787878788 0.02306805074971165
4 0.9602272727272727 0.09573241061130335 0.03787878787878788 0.02306805074971165
5 0.8882575757575758 0.903114186851211 0.03787878787878788 0.02306805074971165
6 0.1553030303030303 0.1118800461361015 0.03787878787878788 0.02306805074971165
7 0.2556818181818182 0.8765859284890427 0.03787878787878788 0.02306805074971165
8 0.9223484848484849 0.11303344867358708 0.03787878787878788 0.02306805074971165
9 0.8674242424242424 0.8996539792387543 0.03787878787878788 0.02306805074971165
3 0.1553030303030303 0.19953863898500576 0.030303030303030304 0.06113033448673587
3 0.1893939393939394 0.5282583621683967 0.041666666666666664 0.04498269896193772
3 0.22727272727272727 0.8027681660899654 0.03409090909090909 0.040369088811995385
