3 0.1588235294117647 0.1545138888888889 0.058823529411764705 0.07465277777777778
3 0.19411764705882353 0.5434027777777778 0.041176470588235294 0.059027777777777776
3 0.21764705882352942 0.8680555555555556 0.03529411764705882 0.03993055555555555
10 0.12352941176470589 0.03298611111111111 0.058823529411764705 0.034722222222222224
11 0.2 0.9548611111111112 0.058823529411764705 0.034722222222222224
4 0.9411764705882353 0.029513888888888888 0.058823529411764705 0.034722222222222224
5 0.8588235294117647 0.9722222222222222 0.058823529411764705 0.034722222222222224
6 0.16470588235294117 0.05555555555555555 0.058823529411764705 0.034722222222222224
7 0.2411764705882353 0.9513888888888888 0.058823529411764705 0.034722222222222224
8 0.9147058823529411 0.04861111111111111 0.058823529411764705 0.034722222222222224
9 0.8235294117647058 0.9722222222222222 0.058823529411764705 0.034722222222222224
