3 0.5625 0.1579861111111111 0.03009259259259259 0.0763888888888889
3 0.5717592592592593 0.5590277777777778 0.041666666666666664 0.057291666666666664
3 0.5787037037037037 0.8767361111111112 0.041666666666666664 0.06770833333333333
10 0.5717592592592593 0.027777777777777776 0.046296296296296294 0.034722222222222224
11 0.5972222222222222 0.96875 0.046296296296296294 0.034722222222222224
4 0.2037037037037037 0.140625 0.046296296296296294 0.034722222222222224
5 0.27546296296296297 0.8263888888888888 0.046296296296296294 0.034722222222222224
6 0.5462962962962963 0.06076388888888889 0.046296296296296294 0.034722222222222224
7 0.5740740740740741 0.9635416666666666 0.046296296296296294 0.034722222222222224
8 0.2337962962962963 0.1545138888888889 0.046296296296296294 0.034722222222222224
9 0.30092592592592593 0.8385416666666666 0.046296296296296294 0.034722222222222224
