3 0.3206997084548105 0.1422680412371134 0.03498542274052478 0.07010309278350516
3 0.33527696793002915 0.5092783505154639 0.03498542274052478 0.05360824742268041
3 0.3556851311953353 0.8288659793814434 0.03498542274052478 0.05567010309278351
10 0.2857142857142857 0.03711340206185567 0.05830903790087463 0.041237113402061855
11 0.34402332361516036 0.9216494845360824 0.05830903790087463 0.041237113402061855
4 0.9037900874635568 0.02268041237113402 0.05830903790087463 0.041237113402061855
5 0.8833819241982507 0.9175257731958762 0.05830903790087463 0.041237113402061855
6 0.3294460641399417 0.061855670103092786 0.05830903790087463 0.041237113402061855
7 0.3760932944606414 0.9092783505154639 0.05830903790087463 0.041237113402061855
8 0.880466472303207 0.04742268041237113 0.05830903790087463 0.041237113402061855
9 0.8513119533527697 0.9195876288659793 0.05830903790087463 0.041237113402061855
