3 0.22702702702702704 0.19618055555555555 0.03783783783783784 0.0642361111111111
3 0.2594594594594595 0.5486111111111112 0.043243243243243246 0.04861111111111111
3 0.3 0.8645833333333334 0.02702702702702703 0.052083333333333336
10 0.2 0.08333333333333333 0.05405405405405406 0.034722222222222224
11 0.28378378378378377 0.9461805555555556 0.05405405405405406 0.034722222222222224
4 0.9 0.015625 0.05405405405405406 0.034722222222222224
5 0.8756756756756757 0.96875 0.05405405405405406 0.034722222222222224
6 0.23243243243243245 0.10243055555555555 0.05405405405405406 0.034722222222222224
7 0.31891891891891894 0.9496527777777778 0.05405405405405406 0.034722222222222224
8 0.8648648648648649 0.03819444444444445 0.05405405405405406 0.034722222222222224
9 0.8324324324324325 0.9670138888888888 0.05405405405405406 0.034722222222222224
