10 0.916030534351145 0.05510204081632653 0.07633587786259542 0.04081632653061224
11 0.8396946564885496 0.8734693877551021 0.07633587786259542 0.04081632653061224
4 0.06870229007633588 0.04285714285714286 0.07633587786259542 0.04081632653061224
5 0.15267175572519084 0.9183673469387755 0.07633587786259542 0.04081632653061224
6 0.8702290076335878 0.07142857142857142 0.07633587786259542 0.04081632653061224
7 0.7862595419847328 0.8693877551020408 0.07633587786259542 0.04081632653061224
8 0.12213740458015267 0.0653061224489796 0.07633587786259542 0.04081632653061224
9 0.2099236641221374 0.9020408163265307 0.07633587786259542 0.04081632653061224
3 0.9045801526717557 0.1673469387755102 0.04961832061068702 0.06326530612244897
3 0.8778625954198473 0.5040816326530613 0.04580152671755725 0.05714285714285714
3 0.8549618320610687 0.7959183673469388 0.03435114503816794 0.04897959183673469
